simples_50_50_gmres
t = 32.523436
iter =

   2500     15

restart =  15

simples_50_50_sor
t = 0.094999

conhecido_50_50_gmres
t = 0.058280
iter =

    1   39

restart =  500

conhecido_50_50_sor
t = 253.563944
iter =  1000

ap1_50_50_gmres
t = 0.063932
iter =

    1   43

restart =  500

ap1_50_50_sor
t = 222.260136
iter =  2457

simples_25_100_gmres
t = 0.307853
iter =

   22    1

restart =  15

simples_25_100_sor
t = 0.117603

conhecido_25_100_gmres
t = 0.046806
iter =

    1   33

restart =  500

conhecido_25_100_sor
t = 625.793744
iter =  2500

ap1_25_100_gmres
t = 0.054590
iter =

    1   38

restart =  500

ap1_25_100_sor
t = 221.219807
iter =  2500

simples_100_100_gmres
t = 6.976400
iter =

   176    15

restart =  15

simples_100_100_sor
t = 0.394276

conhecido_100_100_gmres
t = 0.378644
iter =

    1   77

restart =  500

conhecido_100_100_sor
t = 4808.628538
iter =  4824

ap1_100_100_gmres
t = 0.380741
iter =

    1   76

restart =  500

ap1_100_100_sor
t = 5123.062525
iter =  8221

simples_200_50_gmres
t = 0.460652
iter =

    9   15

restart =  15

Não encontrado: simples_200_50_sor

conhecido_200_50_gmres
t = 0.313393
iter =

    1   68

restart =  500

Não encontrado: conhecido_200_50_sor

ap1_200_50_gmres
t = 0.317502
iter =

    1   69

restart =  500

Não encontrado: ap1_200_50_sor

simples_200_200_gmres
t = 3.556891
iter =

   20   15

restart =  15

Não encontrado: simples_200_200_sor

conhecido_200_200_gmres
t = 4.835644
iter =

     1   155

restart =  500

Não encontrado: conhecido_200_200_sor

ap1_200_200_gmres
t = 4.078555
iter =

     1   145

restart =  500

Não encontrado: ap1_200_200_sor

simples_250_250_gmres
t = 3.191663
iter =

   11   15

restart =  15

Não encontrado: simples_250_250_sor

conhecido_250_250_gmres
t = 11.094758
iter =

     1   193

restart =  500

Não encontrado: conhecido_250_250_sor

ap1_250_250_gmres
t = 9.922018
iter =

     1   179

restart =  500

Não encontrado: ap1_250_250_sor

simples_500_1000_gmres
t = 21.674563
iter =

    7   15


conhecido_500_1000_gmres
t = 10116.355832
iter =

   3174      3


ap1_500_1000_gmres
t = 89552.942896
iter =

   43913       8


ap2a_51_21_gmres
t = 0.071952
iter =

    2   30

restart =  36

ap2a_51_21_sor
t = 43.101232
iter =  1071

ap2a_101_81_gmres
t = 0.592390
iter =

    2   49

restart =  91

ap2a_101_81_sor
t = 2464.370631
iter =  8181

