==> conhecido_50_50_gmres <<=
t = 0.047992
iter =

    1   39

restart =  50


==> conhecido_50_50_sor <<=
t = 205.191235
iter =  506


==> ap1_50_50_gmres <<=
t = 0.056203
iter =

    1   43

restart =  50


==> ap1_50_50_sor <<=
t = 117.921379
iter =  927


==> conhecido_25_100_gmres <<=
t = 0.035929
iter =

    1   33

restart =  50


==> conhecido_25_100_sor <<=
t = 385.023259
iter =  1017


==> ap1_25_100_gmres <<=
t = 0.060521
iter =

    1   38

restart =  50


==> ap1_25_100_sor <<=
t = 241.350867
iter =  1858


==> conhecido_100_100_gmres <<=
t = 0.353142
iter =

    2   37

restart =  50


==> conhecido_100_100_sor <<=
t = 2858.351755
iter =  1816


==> ap1_100_100_gmres <<=
t = 0.357328
iter =

   3   3

restart =  50


==> ap1_100_100_sor <<=
t = 1702.201265
iter =  3205


==> conhecido_200_50_gmres <<=
t = 0.239447
iter =

    2   29

restart =  50


==> conhecido_200_50_sor <<=
t = 5554.055724
iter =  3599


==> ap1_200_50_gmres <<=
t = 0.310584
iter =

    2   44

restart =  50


==> ap1_200_50_sor <<=
t = 2917.185956
iter =  6158


==> conhecido_200_200_gmres <<=
t = 3.102684
iter =

    6   23

restart =  50


==> conhecido_200_200_sor <<=
t = 37878.336280
iter =  6223


==> ap1_200_200_gmres <<=
t = 2.739096
iter =

    5   32

restart =  50


==> ap1_200_200_sor <<=
t = 19972.905095
iter =  10541


==> conhecido_250_250_gmres <<=
t = 6.277870
iter =

    7   43

restart =  50


Não encontrado: conhecido_250_250_sor

==> ap1_250_250_gmres <<=
t = 5.769628
iter =

    7   27

restart =  50


Não encontrado: ap1_250_250_sor

==> conhecido_500_1000_gmres <<=
t = 192.622871
iter =

   21   49

restart =  50


Não encontrado: conhecido_500_1000_sor

==> ap1_500_1000_gmres <<=
t = 256.207793
iter =

   29   49

restart =  50


Não encontrado: ap1_500_1000_sor

==> conhecido_1000_1000_gmres <<=
t = 607.146212
iter =

   34   38

restart =  50


Não encontrado: conhecido_1000_1000_sor

==> ap1_1000_1000_gmres <<=
t = 934.807969
iter =

   54   47

restart =  50


Não encontrado: ap1_1000_1000_sor

==> conhecido_500_1000_gmres <<=
t = 192.622871
iter =

   21   49

restart =  50


==> ap1_500_1000_gmres <<=
t = 256.207793
iter =

   29   49

restart =  50


==> ap2a_51_21_gmres <<=
t = 0.071952
iter =

    2   30

restart =  36


==> ap2a_51_21_sor <<=
t = 43.101232
iter =  1071


==> ap2a_101_81_gmres <<=
t = 0.592390
iter =

    2   49

restart =  91


==> ap2a_101_81_sor <<=
t = 2464.370631
iter =  8181


